cluster_max_size: 1000
cluster_min_size: 25
cluster_tol: 0.014000000000000002
plane_dist_thresh: 0.006
plane_max_iter: 50
ror_min_neighbors: 6
ror_radius_search: 0.016
voxel_leaf_size: 0.002
x_filter_max: 0.42000000000000004
x_filter_min: -0.29000000000000004
y_filter_max: 0.15000000000000002
y_filter_min: -0.24
z_filter_max: 0.78
z_filter_min: 0.72
