- child_frame_id: px150/base_link
  frame_id: rgb_camera_link
  qw: 0.012515757924003005
  qx: 0.7113580613870745
  qy: -0.7027173399749747
  qz: 0.0011850745575651966
  x: 0.032593930776527065
  y: 0.3040659482204687
  z: 0.7526001625325244
