hom_depth_to_dvs: [2.1801581020088903, 0.18664250919399317, -340.3108876278173, -0.27455190866663176, 1.7503901726468598, -114.74299096355632, 1.903704778123324e-05, -6.194762401662824e-05, 1.0]
width: 1204
height: 642
min_w: 35
max_w: 1239
min_h: 47
max_h: 689
